500
1686
406
483
734
1967
1020
464
749
1767
919
374
1683
508
1454
310
1803
704
158
1457
1204
142
438
267
1492
97
834
936
1114
1746
910
948
187
721
425
199
809
418
580
230
570
1583
1726
900
130
510
1175
708
1688
513
252
887
950
1274
501
12
1539
867
1878
701
1160
514
715
952
1824
1148
292
1691
1465
1838
1810
1091
1232
1138
596
1217
1800
1422
1336
1569
983
1278
1159
1087
1992
8
379
1166
616
1305
1715
1260
675
172
1787
1628
26
134
1719
787
454
824
646
235
1756
987
946
6
1320
972
1007
1622
1534
1780
343
311
723
864
848
1064
756
1130
1245
1431
1549
1378
1363
154
1642
1807
1786
355
356
553
393
1488
1629
112
1399
1972
15
394
1360
282
666
1221
1987
755
1079
1137
868
923
1129
40
781
774
1832
1108
228
116
1447
1268
963
1599
1931
999
257
1256
1077
712
178
671
1519
1983
593
679
1914
1017
417
1678
1736
372
34
1352
440
1180
552
1850
324
535
842
778
377
433
316
1874
4
1404
231
484
1065
1677
657
632
1990
1264
146
396
925
603
1483
1506
1729
98
1358
1039
1527
783
1340
1731
153
263
341
279
757
1021
405
920
795
1657
362
1032
1425
793
1897
732
401
1959
1333
833
1171
1526
1713
333
1122
1241
542
473
971
769
36
1081
88
1596
1632
672
1201
1364
1741
659
801
1550
1191
1366
268
126
1317
1068
1980
1332
270
1703
1977
502
687
442
480
758
855
466
830
429
929
1009
188
1561
211
639
1868
247
1647
623
807
14
886
692
1903
1840
1948
974
1532
890
896
102
1420
1836
954
1072
1585
607
1379
1979
1134
694
255
1891
486
1345
206
258
360
1790
1764
1645
1806
1280
1873
1384
990
735
1869
170
713
84
1960
414
1651
590
1481
1721
1157
1910
1652
806
812
339
1621
191
1446
1740
472
1471
1716
638
1760
1172
291
794
917
1012
260
143
1933
985
1896
289
180
938
1440
398
1105
1400
660
1033
720
470
1010
366
1328
471
594
1653
947
381
937
1263
1608
1695
1797
205
437
1575
1063
1674
269
1254
811
1127
668
1244
914
1712
683
261
858
1359
1116
656
828
1275
39
1448
1070
786
497
1974
1438
71
1853
141
1354
1556
210
762
1894
883
413
869
1738
1303
458
1342
519
337
1205
604
1262
504
554
908
1835
1565
110
264
1026
1024
527
1473
1423
744
1670
31
1679
763
1513
1008
1043
138
1023
693
117
1210
804
1494
1754
1170
586
610
1662
320
1052
1478
872
403
491
1714
1989
435
48
979
1815
162
1673
361
278
797
242
1163
921
344
215
494
46
1779
1681
766
239
1335
1409
389
988