500
1248
309
1771
124
18
621
230
581
218
343
58
136
94
137
282
78
128
453
187
90
530
256
1879
1220
158
658
61
25
234
241
846
250
726
507
508
403
152
521
891
84
223
172
80
164
185
912
125
107
177
156
2462
1677
1805
437
65
34
3
1808
1184
405
1517
83
460
31
684
594
87
208
7
15
199
364
915
176
1026
134
73
510
119
312
781
456
11
1933
448
1797
379
637
22
933
261
14
660
99
473
8
77
1441
1162
647
193
219
138
752
444
225
374
681
1593
143
318
196
3569
951
157
227
587
871
703
310
995
393
2525
132
345
79
489
528
372
354
907
163
246
41
316
910
961
662
1193
527
2259
560
870
269
46
518
720
10
1781
743
274
735
1856
646
373
63
434
1271
358
21
472
619
721
833
150
280
1138
259
1241
60
353
188
469
24
895
315
562
733
819
1358
731
189
1122
1091
32
381
127
26
701
1519
505
732
463
197
110
820
806
243
209
131
228
202
326
357
571
879
409
1365
215
122
401
278
862
1506
498
538
787
590
1187
104
840
194
55
244
617
391
116
755
476
89
49
896
655
45
103
1359
248
1232
1261
821
242
674
239
1195
709
333
601
461
1485
515
406
605
330
222
1382
483
16
169
497
306
579
724
254
1294
308
887
200
1100
1042
1178
251
27
459
20
566
425
81
33
339
212
614
386
524
972
928
996
344
298
144
921
327
184
418
324
238
1904
154
542
570
385
802
283
88
474
5
994
82
213
112
517
739
303
1244
211
249
1172
300
380
214
615
1054
337
1483
811
1124
271
28
1324
565
390
296
151
520
135
17
37
625
268
126
100
166
102
1893
378
561
175
506
1176
1032
118
170
835
671
321
762
1096
516
167
66
1167
800
1043
1113
221
287
532
904
541
1722
529
48
1061
1008
294
834
335
0
432
686
178
229
292
511
23
426
361
578
1075
589
922
12
932
359
591
395
631
699
1346
1189
375
500
285
293
231
433
484
56
192
35
436
366
1480
174
750
160
384
115
1344
1058
147
766
332
146
3844
71
165
1199
105
885
397
64
109
417
74
51
478
85
786
120
626
863
1786
1638
266
370
368
452
657
57
129
496
775
1
1118
226
1095
531
351
756
548
98
408
1031
301
1946
470
1971
69
50
990
622
371
264
3053
171
275
1198
168
30
342
670
180
92
59
86
741
142
91
265
447
52
108
693
2000
182
257
856
1209
206
652